Well Name,Date,Oil (BBLS),Gas (MCF),Water (BBLS),TP,CP,Comments
Blair TXL 7 #1,2018-12-31,46.75,135.0,209.0,0,0,
Blair TXL 7 #2,2018-12-31,11.16,18.0,0.0,0,0,
Blair TXL 7 #3,2018-12-31,4.0,0.0,0.0,0,0,
CL Moore 6,2018-12-31,9.65,480.0,165.0,0,0,
CL Moore 8,2018-12-31,11.69,419.0,0.0,0,0,
Clayton 1,2018-12-31,0.0,0.0,0.0,0,0,
Davis Lease,2018-12-31,34.88,0.0,229.0,0,0,
Dyer Unit #10,2018-12-31,0.0,30.0,20.04,0,0,
Flying G #1,2018-12-31,0.0,0.0,0.0,0,0,
Fridel #1,2018-12-31,22.7,32.0,21.71,0,0,
Haby #1,2018-12-31,0.0,0.0,0.0,0,0,
Heitz #1,2018-12-31,10.02,0.0,600.0,0,0,
Huber #1,2018-12-31,0.0,0.0,0.0,0,0,
JM Moore 178,2018-12-31,5.01,145.0,0.0,0,0,
JM Moore 192,2018-12-31,11.69,0.0,175.0,0,0,
Joe #1,2018-12-31,6.68,0.0,3.34,0,0,
Kirby #1,2018-12-31,10.02,354.0,3.34,0,0,
Kresta #1,2018-12-31,0.0,0.0,0.0,0,0,
Lloyd #1,2018-12-31,6.81,6.0,53.44,0,0,
McLean #1,2018-12-31,2.27,0.0,31.47,0,0,
Paddy 19 State #1 & #5,2018-12-31,2.76,0.0,48.75,0,0,
Palm #1,2018-12-31,25.05,1360.0,0.0,0,0,Well is shut in line psi is 1220
Pierce Ranch #4,2018-12-31,0.0,30.0,8.35,0,0,
Preston #1,2018-12-31,3.34,409.0,38.17,0,0,Compressor is down on 3rd stage discharge
Rhodes #1,2018-12-31,11.69,0.0,6.68,0,0,
Terrell #1,2018-12-31,0.0,111.0,23.38,0,0,Enterprise Sales- 100 MCF
Vermillion #1,2018-12-31,16.7,35.0,18.37,0,0,Compressor is down on 3rd stage discharge
Wayne #1,2018-12-31,0.0,266.0,63.8,0,0,
Wendel Unit #1,2018-12-31,8.12,0.0,360.0,0,0,Called in no oil picked up said tonight
White Marlin #1,2018-12-31,0.0,0.0,0.0,0,0,
Wittig Sisters #1,2018-12-31,0.0,0.0,0.0,0,0,
Blair TXL 7 #1,2018-12-30,46.75,144.0,207.0,0,0,
Blair TXL 7 #2,2018-12-30,13.95,17.0,0.0,0,0,
Blair TXL 7 #3,2018-12-30,11.0,0.0,0.0,0,0,
CL Moore 6,2018-12-30,6.31,480.0,184.0,0,0,
CL Moore 8,2018-12-30,8.35,425.0,0.0,0,0,
Clayton 1,2018-12-30,0.0,0.0,0.0,0,0,
Davis Lease,2018-12-30,25.11,0.0,210.0,0,0,
Dyer Unit #10,2018-12-30,0.0,30.0,11.69,0,0,
Flying G #1,2018-12-30,0.0,0.0,0.0,0,0,
Fridel #1,2018-12-30,4.54,79.0,24.77,0,0,
Haby #1,2018-12-30,0.0,0.0,0.0,0,0,
Heitz #1,2018-12-30,6.68,0.0,130.0,0,0,
Huber #1,2018-12-30,0.0,0.0,0.0,0,0,
JM Moore 178,2018-12-30,5.01,130.0,0.0,0,0,
JM Moore 192,2018-12-30,14.61,0.0,176.0,0,0,
Joe #1,2018-12-30,0.0,0.0,20.04,0,0,
Kirby #1,2018-12-30,6.68,410.0,16.7,0,0,
Kresta #1,2018-12-30,0.0,0.0,0.0,0,0,
Lloyd #1,2018-12-30,4.54,77.0,55.11,0,0,
McLean #1,2018-12-30,4.54,0.0,38.41,0,0,
Paddy 19 State #1 & #5,2018-12-30,5.52,0.0,46.75,0,0,
Palm #1,2018-12-30,15.03,761.0,0.0,0,0,
Pierce Ranch #4,2018-12-30,0.0,29.0,6.68,0,0,
Preston #1,2018-12-30,10.02,443.0,38.41,0,0,
Rhodes #1,2018-12-30,11.69,0.0,5.01,0,0,
Terrell #1,2018-12-30,0.0,102.0,5.01,0,0,Enterprise Sales- 92 MCF
Vermillion #1,2018-12-30,13.36,33.0,16.7,0,0,Compressor was down on 3rd stage scrubber level bol 9:45am.
Wayne #1,2018-12-30,0.0,247.0,55.68,0,0,
Wendel Unit #1,2018-12-30,8.12,0.0,362.0,0,0,
White Marlin #1,2018-12-30,0.0,0.0,0.0,0,0,
Wittig Sisters #1,2018-12-30,0.0,0.0,0.0,0,0,
Blair TXL 7 #1,2018-12-29,52.25,134.0,224.0,0,0,
Blair TXL 7 #2,2018-12-29,13.95,18.0,0.0,0,0,
Blair TXL 7 #3,2018-12-29,16.0,0.0,0.0,0,0,
CL Moore 6,2018-12-29,7.98,470.0,162.0,0,0,
CL Moore 8,2018-12-29,13.36,433.0,0.0,0,0,
Clayton 1,2018-12-29,0.0,0.0,0.0,0,0,
Davis Lease,2018-12-29,22.04,0.0,278.0,0,0,
Dyer Unit #10,2018-12-29,0.0,30.0,5.01,0,0,
Flying G #1,2018-12-29,0.0,0.0,0.0,0,0,
Fridel #1,2018-12-29,11.35,37.0,41.75,0,0,
Haby #1,2018-12-29,0.0,0.0,0.0,0,0,
Heitz #1,2018-12-29,16.7,0.0,740.28,0,0,
Huber #1,2018-12-29,0.0,0.0,0.0,0,0,
JM Moore 178,2018-12-29,1.67,40.0,0.0,0,0,Pumping unit down
JM Moore 192,2018-12-29,15.03,0.0,174.0,0,0,
Joe #1,2018-12-29,0.0,0.0,0.0,0,0,
Kirby #1,2018-12-29,0.0,121.0,15.03,0,0,Compressor was down on low compressor oil psi bol at 10.00 am.
Kresta #1,2018-12-29,0.0,0.0,0.0,0,0,
Lloyd #1,2018-12-29,2.27,2.0,66.5,0,0,
McLean #1,2018-12-29,4.54,0.0,30.06,0,0,
Montemayor #1,2018-12-29,0.0,0.0,0.0,0,0,
Paddy 19 State #1 & #5,2018-12-29,8.28,0.0,20.25,0,0,
Palm #1,2018-12-29,10.02,861.0,0.0,0,0,
Pierce Ranch #4,2018-12-29,0.0,27.0,6.68,0,0,
Preston #1,2018-12-29,11.69,298.0,33.4,0,0,
Rhodes #1,2018-12-29,6.32,0.0,5.01,0,0,
Terrell #1,2018-12-29,0.0,99.0,13.36,0,0,Enterprise Sales- 91 mcf
Vermillion #1,2018-12-29,13.36,26.0,10.02,0,0,Compressor was down on 3rd stage scrubber level bol at 9:30am.
Wayne #1,2018-12-29,0.0,244.0,55.68,0,0,
Wendel Unit #1,2018-12-29,8.12,0.0,361.0,0,0,Called to check on oil pickup said will tomorrow
White Marlin #1,2018-12-29,0.0,0.0,0.0,0,0,
Wittig Sisters #1,2018-12-29,0.0,3.0,17.4,0,0,
Blair TXL 7 #1,2018-12-28,35.75,133.0,215.0,0,0,
Blair TXL 7 #2,2018-12-28,11.16,20.0,0.0,0,0,
Blair TXL 7 #3,2018-12-28,0.0,0.0,0.0,0,0,
CL Moore 6,2018-12-28,10.81,450.0,195.0,0,0,
CL Moore 8,2018-12-28,10.02,440.0,0.0,0,0,
Clayton 1,2018-12-28,0.0,0.0,0.0,0,0,
Davis Lease,2018-12-28,25.11,0.0,231.0,0,0,
Dyer Unit #10,2018-12-28,0.0,30.0,16.7,0,0,
Flying G #1,2018-12-28,0.0,0.0,0.0,0,0,
Fridel #1,2018-12-28,34.05,26.0,15.03,0,0,
Haby #1,2018-12-28,0.0,0.0,0.0,0,0,
Heitz #1,2018-12-28,23.38,0.0,449.7,0,0,
Huber #1,2018-12-28,0.0,0.0,0.0,0,0,Well is off
JM Moore 178,2018-12-28,6.68,120.0,1.67,0,0,PU down for 6 hrs EOP
JM Moore 192,2018-12-28,15.03,0.0,160.0,0,0,
Joe #1,2018-12-28,0.0,0.0,0.0,0,0,
Kirby #1,2018-12-28,0.0,27.0,0.0,0,0,Compressor back online at 2:30pm.
Kresta #1,2018-12-28,0.0,0.0,0.0,0,0,
Lloyd #1,2018-12-28,20.43,4.0,43.42,0,0,
McLean #1,2018-12-28,4.54,0.0,30.06,0,0,
Montemayor #1,2018-12-28,0.0,0.0,0.0,0,0,
Paddy 19 State #1 & #5,2018-12-28,2.76,0.0,51.75,0,0,
Palm #1,2018-12-28,0.0,0.0,0.0,0,0,Well is shut in.
Pierce Ranch #4,2018-12-28,0.0,29.0,6.68,0,0,
Preston #1,2018-12-28,10.02,44.0,35.07,0,0,Compressor back online at 3:30pm.
Rhodes #1,2018-12-28,5.01,0.0,5.01,0,0,
Terrell #1,2018-12-28,0.0,99.0,25.05,0,0,Enterprise Sales- 90 MCF
Vermillion #1,2018-12-28,13.36,12.0,18.17,0,0,Compressor back online at 2:30pm.
Wayne #1,2018-12-28,0.0,250.0,56.0,0,0,
Wendel Unit #1,2018-12-28,8.12,0.0,362.0,0,0,
White Marlin #1,2018-12-28,0.0,0.0,0.0,0,0,
Wittig Sisters #1,2018-12-28,0.0,0.0,0.0,0,0,
Blair TXL 7 #1,2018-12-27,35.75,131.0,214.0,0,0,
Blair TXL 7 #2,2018-12-27,13.95,20.0,0.0,0,0,
Blair TXL 7 #3,2018-12-27,0.0,0.0,0.0,0,0,
CL Moore 6,2018-12-27,7.33,431.0,210.0,0,0,
CL Moore 8,2018-12-27,13.36,443.0,0.0,0,0,
Clayton 1,2018-12-27,0.0,0.0,0.0,0,0,
Cornette #1,2018-12-27,0.0,0.0,0.0,0,0,
Davis Lease,2018-12-27,27.9,0.0,251.0,0,0,
Dyer Unit #10,2018-12-27,0.0,35.0,20.04,0,0,
Flying G #1,2018-12-27,0.0,0.0,0.0,0,0,
Fridel #1,2018-12-27,29.51,20.0,6.68,0,0,
Haby #1,2018-12-27,0.0,0.0,0.0,0,0,
Heitz #1,2018-12-27,30.06,0.0,680.16,0,0,
Huber #1,2018-12-27,0.0,0.0,0.0,0,0,
JM Moore 178,2018-12-27,3.34,80.0,0.0,0,0,Pu dn Nguyen oil press started up
JM Moore 192,2018-12-27,15.03,0.0,155.0,0,0,Ct
Joe #1,2018-12-27,0.0,0.0,0.0,0,0,
Kirby #1,2018-12-27,6.68,284.0,18.37,0,0,
Kresta #1,2018-12-27,0.0,0.0,0.0,0,0,
Lloyd #1,2018-12-27,4.54,101.0,59.82,0,0,
McLean #1,2018-12-27,0.0,0.0,59.86,0,0,
Montemayor #1,2018-12-27,0.0,0.0,0.0,0,0,
Paddy 19 State #1 & #5,2018-12-27,8.28,0.0,41.25,0,0,
Palm #1,2018-12-27,4.63,34.0,0.0,0,0,Well BOL was down on high psi sep
Pierce Ranch #4,2018-12-27,0.0,28.0,8.35,0,0,
Preston #1,2018-12-27,10.02,467.0,61.59,0,0,
Rhodes #1,2018-12-27,15.03,0.0,6.68,0,0,8 flare rate
Terrell #1,2018-12-27,0.0,98.0,23.38,0,0,Enterprise Sales- 88 MCF
Vermillion #1,2018-12-27,30.06,117.0,18.37,0,0,
Wayne #1,2018-12-27,0.0,168.0,69.6,0,0,
Wendel Unit #1,2018-12-27,6.96,0.0,363.0,0,0,Called oil pick up in on 12/19 they picked up wrong lease resubmitted said will pick up tomorrow
White Marlin #1,2018-12-27,0.0,0.0,0.0,0,0,
Wittig Sisters #1,2018-12-27,0.0,0.0,0.0,0,0,
Blair TXL 7 #1,2018-12-26,35.75,129.0,217.0,0,0,
Blair TXL 7 #2,2018-12-26,13.95,19.0,0.0,0,0,
Blair TXL 7 #3,2018-12-26,0.0,0.0,0.0,0,0,
CL Moore 6,2018-12-26,8.63,397.0,234.0,0,0,
CL Moore 8,2018-12-26,10.02,452.0,0.0,0,0,
Clayton 1,2018-12-26,0.0,0.0,0.0,0,0,
Cornette #1,2018-12-26,0.0,0.0,0.0,0,0,
Davis Lease,2018-12-26,22.96,0.0,277.0,0,0,"FL= 2100' FS, hauled oil out of frac tank"
Dyer Unit #10,2018-12-26,0.0,40.0,19.78,0,0,
Flying G #1,2018-12-26,0.0,0.0,0.0,0,0,
Fridel #1,2018-12-26,0.0,18.0,0.0,0,0,ON
Haby #1,2018-12-26,0.0,0.0,0.0,0,0,
Heitz #1,2018-12-26,10.02,0.0,454.71,0,0,
Huber #1,2018-12-26,0.0,0.0,0.0,0,0,
JM Moore 178,2018-12-26,1.67,40.0,0.0,0,0,Pu dn started up
JM Moore 192,2018-12-26,16.7,0.0,189.0,0,0,
Joe #1,2018-12-26,0.0,0.0,5.01,0,0,
Kirby #1,2018-12-26,30.35,308.0,0.0,0,0,
Kresta #1,2018-12-26,0.0,0.0,0.0,0,0,
Lloyd #1,2018-12-26,2.27,2.0,63.46,0,0,
McLean #1,2018-12-26,6.81,0.0,48.17,0,0,
Montemayor #1,2018-12-26,3.34,0.0,0.0,0,0,
Paddy 19 State #1 & #5,2018-12-26,8.28,0.0,33.25,0,0,
Palm #1,2018-12-26,23.07,548.0,0.0,0,0,Well shut on high psi sep
Pierce Ranch #4,2018-12-26,0.0,29.0,6.68,0,0,
Preston #1,2018-12-26,10.02,405.0,51.77,0,0,
Rhodes #1,2018-12-26,10.02,0.0,8.35,0,0,9 flare rate
Terrell #1,2018-12-26,0.0,96.0,35.07,0,0,Enterprise Sales- 89 MCF
Vermillion #1,2018-12-26,20.04,8.0,10.02,0,0,Compressor was down bol at 11:00am.
Wayne #1,2018-12-26,0.0,0.0,0.0,0,0,Loaded up high line press
Wendel Unit #1,2018-12-26,8.12,0.0,361.0,0,0,
White Marlin #1,2018-12-26,0.0,0.0,0.0,0,0,
Wittig Sisters #1,2018-12-26,0.0,0.0,0.0,0,0,
Blair TXL 7 #1,2018-12-25,33.0,126.0,199.0,0,0,
Blair TXL 7 #2,2018-12-25,13.95,19.0,0.0,0,0,
Blair TXL 7 #3,2018-12-25,0.0,0.0,0.0,0,0,
CL Moore 6,2018-12-25,10.67,375.0,226.0,0,0,
CL Moore 8,2018-12-25,11.69,459.0,0.0,0,0,
Clayton 1,2018-12-25,0.0,0.0,0.0,0,0,
Cornette #1,2018-12-25,0.0,0.0,0.0,0,0,
Davis Lease,2018-12-25,30.97,0.0,249.0,0,0,
Dyer Unit #10,2018-12-25,0.0,20.0,6.68,0,0,Sw
Flying G #1,2018-12-25,0.0,0.0,0.0,0,0,
Fridel #1,2018-12-25,0.0,20.0,0.0,0,0,OFF
Haby #1,2018-12-25,0.0,0.0,0.0,0,0,
Heitz #1,2018-12-25,11.69,0.0,540.12,0,0,
Huber #1,2018-12-25,0.0,0.0,0.0,0,0,Not pumping
JM Moore 178,2018-12-25,1.67,60.0,0.0,0,0,Pu dn started up
JM Moore 192,2018-12-25,16.7,0.0,166.0,0,0,
Joe #1,2018-12-25,0.0,0.0,0.0,0,0,
Kirby #1,2018-12-25,10.02,241.0,1.51,0,0,
Kresta #1,2018-12-25,0.0,0.0,0.0,0,0,
Lloyd #1,2018-12-25,20.43,2.0,43.42,0,0,
McLean #1,2018-12-25,4.54,0.0,40.08,0,0,
Montemayor #1,2018-12-25,6.68,0.0,0.0,0,0,
Paddy 19 State #1 & #5,2018-12-25,2.58,0.0,30.25,0,0,Well 5 not pumping. Corrected
Palm #1,2018-12-25,27.38,82.0,0.0,0,0,Back online
Pierce Ranch #4,2018-12-25,0.0,23.0,6.68,0,0,
Preston #1,2018-12-25,13.36,88.0,31.49,0,0,Compressor was down on high discharge psi bol at 10:00am.
Rhodes #1,2018-12-25,15.03,0.0,1.43,0,0,9 flare rate
Terrell #1,2018-12-25,0.0,95.0,26.72,0,0,Enterprise Sales- 88 MCF
Vermillion #1,2018-12-25,16.62,6.0,18.37,0,0,Compressor was down on high discharge psi bol at12:30pm.
Wayne #1,2018-12-25,0.0,0.0,0.0,0,0,Loaded up high line press
Wendel Unit #1,2018-12-25,8.12,0.0,362.0,0,0,
White Marlin #1,2018-12-25,0.0,0.0,0.0,0,0,
Wittig Sisters #1,2018-12-25,0.0,0.0,0.0,0,0,
Blair TXL 7 #1,2018-12-24,34.38,123.0,204.0,0,0,
Blair TXL 7 #2,2018-12-24,16.04,19.0,0.0,0,0,
Blair TXL 7 #3,2018-12-24,0.0,0.0,0.0,0,0,
CL Moore 6,2018-12-24,4.5,325.0,230.0,0,0,
CL Moore 8,2018-12-24,11.69,465.0,0.0,0,0,
Clayton 1,2018-12-24,0.0,0.0,0.0,0,0,
Davis Lease,2018-12-24,25.95,0.0,237.0,0,0,
Dyer Unit #10,2018-12-24,0.0,28.0,20.04,0,0,
Flying G #1,2018-12-24,0.0,0.0,0.0,0,0,
Fridel #1,2018-12-24,4.54,24.0,0.0,0,0,OFF
Haby #1,2018-12-24,0.0,0.0,0.0,0,0,
Heitz #1,2018-12-24,0.0,0.0,660.02,0,0,
Huber #1,2018-12-24,0.0,0.0,0.0,0,0,
JM Moore 178,2018-12-24,5.01,60.0,0.0,0,0,P.u down started up
JM Moore 192,2018-12-24,16.7,0.0,150.0,0,0,
Joe #1,2018-12-24,0.0,0.0,0.0,0,0,
Kirby #1,2018-12-24,3.34,372.0,6.68,0,0,
Kresta #1,2018-12-24,0.0,0.0,0.0,0,0,
Lloyd #1,2018-12-24,2.27,106.0,61.51,0,0,
McLean #1,2018-12-24,4.54,0.0,39.92,0,0,Flushed heater treater 25bbls.
Montemayor #1,2018-12-24,8.35,0.0,3.34,0,0,
Paddy 19 State #1 & #5,2018-12-24,10.11,0.0,53.0,0,0,
Palm #1,2018-12-24,340.68,1737.0,0.0,0,0,Well is shut high psi sep.
Pierce Ranch #4,2018-12-24,0.0,29.0,6.42,0,0,
Preston #1,2018-12-24,11.69,446.0,38.41,0,0,
Rhodes #1,2018-12-24,13.36,0.0,10.02,0,0,
Terrell #1,2018-12-24,0.0,96.0,26.72,0,0,Enterprise Sales- 89 MCF
Vermillion #1,2018-12-24,33.4,162.0,23.38,0,0,Compressor down on high 3rd stage discharge
Wayne #1,2018-12-24,0.0,0.0,0.0,0,0,Well loaded up high line press
Wendel Unit #1,2018-12-24,8.12,0.0,360.0,0,0,
White Marlin #1,2018-12-24,0.0,0.0,0.0,0,0,
Wittig Sisters #1,2018-12-24,0.0,0.0,0.0,0,0,
Blair TXL 7 #1,2018-12-23,41.25,124.0,247.0,0,0,#1 compressor down-waiting on repairs
Blair TXL 7 #2,2018-12-23,11.16,19.0,0.0,0,0,
Blair TXL 7 #3,2018-12-23,0.0,0.0,0.0,0,0,
CL Moore 6,2018-12-23,9.51,294.0,225.0,0,0,
CL Moore 8,2018-12-23,13.36,472.0,0.0,0,0,
Clayton 1,2018-12-23,0.0,0.0,0.0,0,0,
Davis Lease,2018-12-23,18.97,0.0,248.0,0,0,
Dyer Unit #10,2018-12-23,0.0,28.0,20.04,0,0,
Flying G #1,2018-12-23,0.0,0.0,0.0,0,0,
Fridel #1,2018-12-23,0.0,24.0,3.34,0,0,
Haby #1,2018-12-23,0.0,0.0,0.0,0,0,
Heitz #1,2018-12-23,0.0,0.0,670.04,0,0,
Huber #1,2018-12-23,0.0,0.0,0.0,0,0,
JM Moore 178,2018-12-23,6.68,150.0,0.0,0,0,
JM Moore 192,2018-12-23,15.03,0.0,125.0,0,0,
Joe #1,2018-12-23,0.0,0.0,0.0,0,0,
Kirby #1,2018-12-23,8.35,376.0,38.41,0,0,
Kresta #1,2018-12-23,0.0,0.0,0.0,0,0,
Lloyd #1,2018-12-23,4.54,4.0,55.11,0,0,
McLean #1,2018-12-23,4.54,0.0,25.05,0,0,
Montemayor #1,2018-12-23,3.34,0.0,0.0,0,0,
Paddy 19 State #1 & #5,2018-12-23,13.8,0.0,41.5,0,0,
Palm #1,2018-12-23,235.47,2073.0,0.0,0,0,
Pierce Ranch #4,2018-12-23,0.0,27.0,6.68,0,0,
Preston #1,2018-12-23,15.03,477.0,36.5,0,0,
Rhodes #1,2018-12-23,8.35,0.0,5.01,0,0,
Terrell #1,2018-12-23,0.0,107.0,18.37,0,0,Enterprise Sales- 92 MCF
Vermillion #1,2018-12-23,20.04,46.0,69.9,0,0,Compressor back online down on high 3rd stage scrubber level
Wayne #1,2018-12-23,0.0,44.0,27.84,0,0,Loaded up high line press
Wendel Unit #1,2018-12-23,8.12,0.0,362.0,0,0,
White Marlin #1,2018-12-23,0.0,0.0,0.0,0,0,
Wittig Sisters #1,2018-12-23,0.0,0.0,0.0,0,0,
Blair TXL 7 #1,2018-12-22,49.5,120.0,250.0,0,0,
Blair TXL 7 #2,2018-12-22,13.95,20.0,0.0,0,0,
Blair TXL 7 #3,2018-12-22,0.0,0.0,0.0,0,0,Off for pumping schedule
CL Moore 6,2018-12-22,6.17,275.0,234.0,0,0,
CL Moore 8,2018-12-22,13.36,479.0,0.0,0,0,
Clayton 1,2018-12-22,0.0,0.0,0.0,0,0,
Davis Lease,2018-12-22,20.09,0.0,229.0,0,0,
Dyer Unit #10,2018-12-22,0.0,30.0,20.04,0,0,
Flying G #1,2018-12-22,0.0,0.0,0.0,0,0,
Fridel #1,2018-12-22,22.7,35.0,8.35,0,0,
Haby #1,2018-12-22,0.0,0.0,0.0,0,0,
Heitz #1,2018-12-22,0.0,0.0,539.78,0,0,
Huber #1,2018-12-22,0.0,0.0,0.0,0,0,
JM Moore 178,2018-12-22,13.36,150.0,5.01,0,0,
JM Moore 192,2018-12-22,11.69,0.0,140.0,0,0,
Joe #1,2018-12-22,0.0,0.0,0.0,0,0,Not pumping
Kirby #1,2018-12-22,0.0,45.0,0.0,0,0,Compressor back online down on low engine oil back online
Kresta #1,2018-12-22,0.0,0.0,0.0,0,0,
Lloyd #1,2018-12-22,18.16,40.0,58.17,0,0,
McLean #1,2018-12-22,6.81,0.0,23.38,0,0,
Montemayor #1,2018-12-22,1.67,0.0,0.0,0,0,
Paddy 19 State #1 & #5,2018-12-22,8.28,0.0,55.0,0,0,
Palm #1,2018-12-22,60.12,1695.0,0.0,0,0,
Pierce Ranch #4,2018-12-22,0.0,29.0,6.68,0,0,
Preston #1,2018-12-22,7.74,356.0,25.05,0,0,
Rhodes #1,2018-12-22,11.69,0.0,0.0,0,0,
Terrell #1,2018-12-22,0.0,110.0,23.38,0,0,ENterprise Sales- 94 MCF
Vermillion #1,2018-12-22,26.72,77.0,16.7,0,0,Compressor back online down on 3rd stage scrubber level bol
Wayne #1,2018-12-22,0.0,218.0,58.0,0,0,
Wendel Unit #1,2018-12-22,8.12,0.0,363.0,0,0,
White Marlin #1,2018-12-22,0.0,0.0,0.0,0,0,
Wittig Sisters #1,2018-12-22,0.0,0.0,0.0,0,0,
Blair TXL 7 #1,2018-12-21,38.5,108.0,302.0,0,0,
Blair TXL 7 #2,2018-12-21,11.16,19.0,0.0,0,0,
Blair TXL 7 #3,2018-12-21,1.0,0.0,0.0,0,0,
CL Moore 6,2018-12-21,11.18,208.0,247.0,0,0,
CL Moore 8,2018-12-21,16.7,479.0,0.0,0,0,
Clayton 1,2018-12-21,0.0,0.0,0.0,0,0,
Davis Lease,2018-12-21,20.09,0.0,253.0,0,0,
Dyer Unit #10,2018-12-21,0.0,28.0,20.04,0,0,
Flying G #1,2018-12-21,0.0,0.0,0.0,0,0,
Fridel #1,2018-12-21,31.78,23.0,1.67,0,0,
Haby #1,2018-12-21,0.0,0.0,0.0,0,0,
Heitz #1,2018-12-21,0.0,0.0,435.87,0,0,pump unit BOL on 12-20-18 @ 4:00 PM
Huber #1,2018-12-21,0.0,0.0,0.0,0,0,
JM Moore 178,2018-12-21,6.68,150.0,0.0,0,0,
JM Moore 192,2018-12-21,15.03,0.0,135.0,0,0,Ctm'
Joe #1,2018-12-21,0.0,0.0,0.0,0,0,
Kirby #1,2018-12-21,0.0,344.0,20.04,0,0,
Kresta #1,2018-12-21,0.0,0.0,0.0,0,0,
Lloyd #1,2018-12-21,2.27,13.0,53.44,0,0,
McLean #1,2018-12-21,4.54,0.0,25.05,0,0,
Montemayor #1,2018-12-21,3.34,0.0,0.0,0,0,
Paddy 19 State #1 & #5,2018-12-21,8.28,0.0,71.25,0,0,
Palm #1,2018-12-21,0.0,0.0,0.0,0,0,Well is shut in
Pierce Ranch #4,2018-12-21,0.0,29.0,6.68,0,0,
Preston #1,2018-12-21,6.68,492.0,40.08,0,0,
Rhodes #1,2018-12-21,10.02,0.0,8.35,0,0,
Terrell #1,2018-12-21,0.0,99.0,31.73,0,0,Enterprise Sales- 90 MCF
Vermillion #1,2018-12-21,13.36,40.0,16.7,0,0,Compressor was down ice plug in pipeline
Wayne #1,2018-12-21,0.0,217.0,0.0,0,0,
Wendel Unit #1,2018-12-21,8.12,0.0,361.0,0,0,
White Marlin #1,2018-12-21,0.0,0.0,0.0,0,0,
Wittig Sisters #1,2018-12-21,0.0,0.0,0.0,0,0,
Blair TXL 7 #1,2018-12-20,33.0,132.0,211.0,0,0,
Blair TXL 7 #2,2018-12-20,13.95,19.0,0.0,0,0,
Blair TXL 7 #3,2018-12-20,1.0,0.0,0.0,0,0,
CL Moore 6,2018-12-20,11.18,169.0,249.0,0,0,
CL Moore 8,2018-12-20,11.69,494.0,0.0,0,0,
Clayton 1,2018-12-20,0.0,0.0,0.0,0,0,
Davis Lease,2018-12-20,18.14,0.0,255.0,0,0,
Dyer Unit #10,2018-12-20,0.0,20.0,6.68,0,0,
Flying G #1,2018-12-20,0.0,0.0,0.0,0,0,
Fridel #1,2018-12-20,20.43,20.0,5.01,0,0,
Haby #1,2018-12-20,0.0,0.0,0.0,0,0,
Heitz #1,2018-12-20,0.0,0.0,129.74,0,0,
Huber #1,2018-12-20,5.01,0.0,0.0,0,0,
JM Moore 178,2018-12-20,5.01,0.0,0.0,0,0,C.d. Eng oil lev started up 3 hrs prod
JM Moore 192,2018-12-20,15.03,0.0,125.0,0,0,
Joe #1,2018-12-20,3.34,0.0,0.0,0,0,
Kirby #1,2018-12-20,0.0,77.0,11.69,0,0,Compressor was down on liquid level bol 11:00am.
Kresta #1,2018-12-20,0.0,0.0,0.0,0,0,
Lloyd #1,2018-12-20,18.16,3.0,48.43,0,0,
McLean #1,2018-12-20,4.54,0.0,18.19,0,0,
Montemayor #1,2018-12-20,3.34,0.0,0.0,0,0,
Paddy 19 State #1 & #5,2018-12-20,5.52,0.0,63.25,0,0,
Palm #1,2018-12-20,256.41,501.0,0.0,0,0,Well is shut in.
Pierce Ranch #4,2018-12-20,0.0,27.0,6.68,0,0,
Preston #1,2018-12-20,11.69,503.0,50.1,0,0,
Rhodes #1,2018-12-20,11.69,0.0,5.01,0,0,
Terrell #1,2018-12-20,0.0,121.0,30.06,0,0,Enterprise Sales- 98 MCF
Vermillion #1,2018-12-20,33.4,151.0,25.05,0,0,
Wayne #1,2018-12-20,0.0,282.0,58.0,0,0,
Wendel Unit #1,2018-12-20,8.12,0.0,360.0,0,0,
White Marlin #1,2018-12-20,0.0,0.0,0.0,0,0,
Wittig Sisters #1,2018-12-20,0.0,0.0,0.0,0,0,
Blair TXL 7 #1,2018-12-19,39.88,133.0,221.0,0,0,
Blair TXL 7 #2,2018-12-19,13.95,19.0,0.0,0,0,
Blair TXL 7 #3,2018-12-19,1.0,0.0,0.0,0,0,
CL Moore 6,2018-12-19,7.84,96.0,274.0,0,0,Started comp
CL Moore 8,2018-12-19,8.35,504.0,0.0,0,0,
Clayton 1,2018-12-19,0.0,0.0,0.0,0,0,
Davis Lease,2018-12-19,24.03,0.0,254.0,0,0,Hauled oil out of frac tank
Dyer Unit #10,2018-12-19,0.0,20.0,10.02,0,0,
Flying G #1,2018-12-19,0.0,0.0,0.0,0,0,
Fridel #1,2018-12-19,6.81,20.0,0.0,0,0,
Haby #1,2018-12-19,0.0,0.0,0.0,0,0,
Heitz #1,2018-12-19,0.0,0.0,434.57,0,0,
Huber #1,2018-12-19,10.02,5.0,0.0,0,0,Well made 40bbls of water in gun barrel tank.
JM Moore 178,2018-12-19,4.59,155.0,0.0,0,0,
JM Moore 192,2018-12-19,16.7,0.0,130.0,0,0,
Joe #1,2018-12-19,5.01,0.0,0.0,0,0,
Kirby #1,2018-12-19,53.44,401.0,0.0,0,0,
Kresta #1,2018-12-19,0.0,0.0,0.0,0,0,
Lloyd #1,2018-12-19,2.27,2.0,66.5,0,0,
McLean #1,2018-12-19,6.81,0.0,18.37,0,0,
Montemayor #1,2018-12-19,0.0,0.0,0.0,0,0,
Paddy 19 State #1 & #5,2018-12-19,8.28,0.0,67.25,0,0,
Palm #1,2018-12-19,200.57,1605.0,0.0,0,0,
Pierce Ranch #4,2018-12-19,0.0,28.0,8.35,0,0,
Preston #1,2018-12-19,13.36,480.0,36.5,0,0,
Rhodes #1,2018-12-19,11.69,0.0,5.01,0,0,
Terrell #1,2018-12-19,0.0,86.0,10.02,0,0,Enterprise Sales- 77 MCF
Vermillion #1,2018-12-19,23.38,110.0,13.36,0,0,Compressor was down on scrubber level bol @11:00am.
Wayne #1,2018-12-19,0.0,289.0,56.84,0,0,
Wendel Unit #1,2018-12-19,8.12,0.0,363.0,0,0,
White Marlin #1,2018-12-19,0.0,0.0,0.0,0,0,
Wittig Sisters #1,2018-12-19,0.0,0.0,0.0,0,0,
Blair TXL 7 #1,2018-12-18,44.0,139.0,236.0,0,0,
Blair TXL 7 #2,2018-12-18,13.95,19.0,0.0,0,0,
Blair TXL 7 #3,2018-12-18,3.0,0.0,0.0,0,0,
CL Moore 6,2018-12-18,8.35,0.0,250.0,0,0,
CL Moore 8,2018-12-18,12.52,508.0,0.0,0,0,
Clayton 1,2018-12-18,0.0,0.0,0.0,0,0,
Davis Lease,2018-12-18,20.93,0.0,252.0,0,0,
Dyer Unit #10,2018-12-18,0.0,30.0,29.82,0,0,
Flying G #1,2018-12-18,0.0,0.0,0.0,0,0,
Fridel #1,2018-12-18,9.08,21.0,0.0,0,0,CT
Haby #1,2018-12-18,0.0,0.0,0.0,0,0,
Heitz #1,2018-12-18,0.0,0.0,755.21,0,0,
Hill #1,2018-12-18,0.0,0.0,0.0,0,0,"Well was plugged 11/29/18.  
Was carrying an inventory of 52 barrels in GRT and on the RRC PR reports that was not in the tanks.  Went back to 09/2013 in GRT and on RRC to zero out oil inventory.  B.Milam"
Huber #1,2018-12-18,0.0,0.0,0.0,0,0,
JM Moore 178,2018-12-18,3.34,150.0,0.56,0,0,
JM Moore 192,2018-12-18,15.03,0.0,120.0,0,0,
Joe #1,2018-12-18,0.0,0.0,0.0,0,0,
Kirby #1,2018-12-18,15.03,304.0,0.0,0,0,
Kresta #1,2018-12-18,0.0,0.0,0.0,0,0,
Lloyd #1,2018-12-18,13.62,38.0,45.09,0,0,CT
McLean #1,2018-12-18,6.81,0.0,20.04,0,0,
Montemayor #1,2018-12-18,13.36,0.0,0.0,0,0,
Paddy 19 State #1 & #5,2018-12-18,2.76,0.0,16.5,0,0,Started Paddy 19-5. Found tubing valve closed. Corrected.
Palm #1,2018-12-18,341.73,1635.0,0.0,0,0,
Pierce Ranch #4,2018-12-18,0.0,25.0,6.68,0,0,
Preston #1,2018-12-18,10.02,474.0,48.43,0,0,
Rhodes #1,2018-12-18,13.36,0.0,5.01,0,0,
Terrell #1,2018-12-18,0.0,81.0,11.69,0,0,Enterprise Sales- 71 MCF
Vermillion #1,2018-12-18,10.02,61.0,11.55,0,0,Compressor was down on 3rd stage scrubber level bol at 10:00am.
Wayne #1,2018-12-18,0.0,283.0,60.32,0,0,
Wendel Unit #1,2018-12-18,8.12,0.0,361.0,0,0,
White Marlin #1,2018-12-18,0.0,0.0,0.0,0,0,
Wittig Sisters #1,2018-12-18,0.0,0.0,0.0,0,0,
Blair TXL 7 #1,2018-12-17,49.5,142.0,241.0,0,0,
Blair TXL 7 #2,2018-12-17,13.95,19.0,0.0,0,0,
Blair TXL 7 #3,2018-12-17,8.0,0.0,0.0,0,0,
CL Moore 6,2018-12-17,0.0,0.0,293.0,0,0,
CL Moore 8,2018-12-17,8.35,513.0,0.0,0,0,
Clayton 1,2018-12-17,0.0,0.0,0.0,0,0,
Cornette #1,2018-12-17,0.0,0.0,0.0,0,0,
Davis Lease,2018-12-17,22.04,0.0,269.0,0,0,
Dyer Unit #10,2018-12-17,0.0,30.0,20.04,0,0,
Flying G #1,2018-12-17,0.0,0.0,0.0,0,0,
Fridel #1,2018-12-17,6.81,22.0,0.0,0,0,
Haby #1,2018-12-17,0.0,0.0,0.0,0,0,
Heitz #1,2018-12-17,1.67,0.0,504.71,0,0,
Huber #1,2018-12-17,0.0,0.0,0.0,0,0,Rig on well
JM Moore 178,2018-12-17,6.68,0.0,0.0,0,0,
JM Moore 192,2018-12-17,15.03,0.0,115.0,0,0,
Joe #1,2018-12-17,1.67,0.0,0.0,0,0,
Kirby #1,2018-12-17,8.35,267.0,0.0,0,0,Compressor was down on low compressor oil psi bol at 11:00am.
Kresta #1,2018-12-17,0.0,0.0,0.0,0,0,
Lloyd #1,2018-12-17,9.08,67.0,55.11,0,0,
McLean #1,2018-12-17,6.81,0.0,21.71,0,0,
Montemayor #1,2018-12-17,1.67,0.0,0.0,0,0,
Paddy 19 State #1 & #5,2018-12-17,0.0,0.0,16.5,0,0,
Palm #1,2018-12-17,370.74,1657.0,0.0,0,0,
Pierce Ranch #4,2018-12-17,0.0,27.0,6.68,0,0,
Preston #1,2018-12-17,11.69,476.0,58.33,0,0,
Rhodes #1,2018-12-17,13.36,0.0,1.67,0,0,10 flare rate
Terrell #1,2018-12-17,0.0,67.0,16.7,0,0,Enterprise Sales-57 MCF
Vermillion #1,2018-12-17,39.82,95.0,21.71,0,0,
Wayne #1,2018-12-17,0.0,315.0,59.16,0,0,
Wendel Unit #1,2018-12-17,8.12,0.0,362.0,0,0,
White Marlin #1,2018-12-17,0.0,0.0,0.0,0,0,
Wittig Sisters #1,2018-12-17,0.0,0.0,0.0,0,0,
Blair TXL 7 #1,2018-12-16,49.5,237.0,135.0,0,0,
Blair TXL 7 #2,2018-12-16,11.16,19.0,0.0,0,0,
Blair TXL 7 #3,2018-12-16,11.0,0.0,0.0,0,0,
CL Moore 6,2018-12-16,0.0,0.0,174.0,0,0,
CL Moore 8,2018-12-16,13.36,517.0,0.0,0,0,
Clayton 1,2018-12-16,0.0,0.0,0.0,0,0,
Cornette #1,2018-12-16,0.0,0.0,0.0,0,0,
Davis Lease,2018-12-16,25.95,0.0,254.0,0,0,
Dyer Unit #10,2018-12-16,0.0,20.0,10.02,0,0,Sw
Flying G #1,2018-12-16,0.0,0.0,0.0,0,0,
Fridel #1,2018-12-16,7.41,22.0,0.0,0,0,
Haby #1,2018-12-16,0.0,0.0,0.0,0,0,
Heitz #1,2018-12-16,0.0,0.0,680.36,0,0,
Huber #1,2018-12-16,0.0,0.0,0.0,0,0,
JM Moore 178,2018-12-16,3.34,155.0,0.0,0,0,
JM Moore 192,2018-12-16,13.36,0.0,100.0,0,0,
Joe #1,2018-12-16,1.67,0.0,1.67,0,0,
Kirby #1,2018-12-16,21.71,340.0,0.0,0,0,
Kresta #1,2018-12-16,0.0,0.0,0.0,0,0,
Lloyd #1,2018-12-16,2.27,3.0,54.81,0,0,
McLean #1,2018-12-16,6.81,0.0,20.04,0,0,
Montemayor #1,2018-12-16,5.01,0.0,0.0,0,0,
Paddy 19 State #1 & #5,2018-12-16,2.76,0.0,11.0,0,0,Well 5 motor down
Palm #1,2018-12-16,340.68,1683.0,0.0,0,0,
Pierce Ranch #4,2018-12-16,0.0,26.0,8.35,0,0,
Preston #1,2018-12-16,8.35,523.0,75.01,0,0,
Rhodes #1,2018-12-16,16.7,0.0,3.34,0,0,Flare rate 11
Terrell #1,2018-12-16,0.0,0.0,0.0,0,0,"Enterprise Sales-""0""          POL @  11:30AM"
Vermillion #1,2018-12-16,6.68,49.0,20.04,0,0,Compressor was down on 3rd stage scrubber level bol at 9:30am.
Wayne #1,2018-12-16,0.0,303.0,58.0,0,0,
Wendel Unit #1,2018-12-16,8.12,0.0,360.0,0,0,
White Marlin #1,2018-12-16,0.0,0.0,0.0,0,0,
Wittig Sisters #1,2018-12-16,0.0,0.0,0.0,0,0,
Blair TXL 7 #1,2018-12-15,57.75,137.0,230.0,0,0,
Blair TXL 7 #2,2018-12-15,13.95,19.0,0.0,0,0,
Blair TXL 7 #3,2018-12-15,17.0,0.0,0.0,0,0,
CL Moore 6,2018-12-15,0.0,0.0,273.0,0,0,
CL Moore 8,2018-12-15,11.69,524.0,0.0,0,0,
Clayton 1,2018-12-15,0.0,0.0,0.0,0,0,
Davis Lease,2018-12-15,30.13,0.0,222.0,0,0,Hauled oil out of frac tank
Dyer Unit #10,2018-12-15,0.0,30.0,16.7,0,0,
Flying G #1,2018-12-15,0.0,0.0,0.0,0,0,
Fridel #1,2018-12-15,6.81,22.0,0.0,0,0,
Haby #1,2018-12-15,0.0,0.0,0.0,0,0,
Heitz #1,2018-12-15,0.0,0.0,164.33,0,0,
Huber #1,2018-12-15,0.0,0.0,0.0,0,0,Rig on well
JM Moore 178,2018-12-15,6.68,105.0,1.67,0,0,Pumping unit down
JM Moore 192,2018-12-15,13.36,0.0,140.0,0,0,
Joe #1,2018-12-15,1.67,0.0,0.0,0,0,
Kirby #1,2018-12-15,1.67,0.0,21.45,0,0,Back online
Kresta #1,2018-12-15,0.0,0.0,0.0,0,0,
Lloyd #1,2018-12-15,11.35,3.0,55.11,0,0,
McLean #1,2018-12-15,9.08,0.0,14.77,0,0,
Montemayor #1,2018-12-15,1.67,0.0,0.0,0,0,
Paddy 19 State #1 & #5,2018-12-15,2.76,0.0,19.25,0,0,
Palm #1,2018-12-15,150.3,1161.0,0.0,0,0,
Pierce Ranch #4,2018-12-15,0.0,30.0,8.35,0,0,
Preston #1,2018-12-15,13.36,336.0,31.73,0,0,
Rhodes #1,2018-12-15,11.69,0.0,6.68,0,0,
Terrell #1,2018-12-15,0.0,12.0,1.67,0,0,"Enterprise Sales- 3MCF       Sales line to Entrprise FROZE OUT ____SHUT IN WELL Open Line,will POL Sunday AM"
Vermillion #1,2018-12-15,23.38,0.0,21.55,0,0,Compressor back online
Wayne #1,2018-12-15,0.0,18555.68,0.0,0,0,
Wendel Unit #1,2018-12-15,8.12,0.0,363.0,0,0,
White Marlin #1,2018-12-15,0.0,0.0,0.0,0,0,
Wittig Sisters #1,2018-12-15,0.0,0.0,0.0,0,0,
Blair TXL 7 #1,2018-12-14,44.0,135.0,222.0,0,0,
Blair TXL 7 #2,2018-12-14,13.95,20.0,0.0,0,0,
Blair TXL 7 #3,2018-12-14,0.0,0.0,0.0,0,0,
CL Moore 6,2018-12-14,0.0,0.0,0.0,0,0,Rig on well
CL Moore 8,2018-12-14,8.35,532.0,0.0,0,0,
Clayton 1,2018-12-14,0.0,0.0,0.0,0,0,
Davis Lease,2018-12-14,34.88,0.0,245.0,0,0,
Dyer Unit #10,2018-12-14,0.0,30.0,13.36,0,0,
Flying G #1,2018-12-14,0.0,0.0,0.0,0,0,
Fridel #1,2018-12-14,6.81,26.0,0.0,0,0,
Haby #1,2018-12-14,0.0,0.0,0.0,0,0,
Heitz #1,2018-12-14,0.0,0.0,750.12,0,0,
Huber #1,2018-12-14,0.0,0.0,0.0,0,0,Rig is on well
JM Moore 178,2018-12-14,6.68,145.0,0.0,0,0,
JM Moore 192,2018-12-14,15.03,0.0,133.0,0,0,
Joe #1,2018-12-14,0.0,0.0,1.51,0,0,
Kirby #1,2018-12-14,8.35,406.0,1.67,0,0,
Kresta #1,2018-12-14,0.0,0.0,0.0,0,0,
Lloyd #1,2018-12-14,3.45,75.0,58.19,0,0,
McLean #1,2018-12-14,11.35,0.0,5.01,0,0,
Montemayor #1,2018-12-14,6.68,0.0,0.0,0,0,
Paddy 19 State #1 & #5,2018-12-14,2.76,0.0,4.5,0,0,
Palm #1,2018-12-14,131.94,796.0,0.0,0,0,Well was shut in hp sep.
Pierce Ranch #4,2018-12-14,0.0,26.0,6.68,0,0,
Preston #1,2018-12-14,13.36,409.0,95.01,0,0,
Rhodes #1,2018-12-14,15.03,0.0,6.68,0,0,
Terrell #1,2018-12-14,0.0,82.0,13.36,0,0,Enterprise Sales- 76 MCF
Vermillion #1,2018-12-14,33.4,62.0,50.1,0,0,Compressor is down on high 3rd stage discharge
Wayne #1,2018-12-14,0.0,0.0,0.0,0,0,
Wendel Unit #1,2018-12-14,9.28,0.0,362.0,0,0,
White Marlin #1,2018-12-14,0.0,0.0,0.0,0,0,
Wittig Sisters #1,2018-12-14,0.0,0.0,0.0,0,0,
Blair TXL 7 #1,2018-12-13,41.25,130.0,214.0,0,0,
Blair TXL 7 #2,2018-12-13,13.95,20.0,0.0,0,0,
Blair TXL 7 #3,2018-12-13,0.0,0.0,0.0,0,0,
CL Moore 6,2018-12-13,0.0,0.0,0.0,0,0,Parted rods rig on well
CL Moore 8,2018-12-13,15.03,530.0,0.0,0,0,
Clayton 1,2018-12-13,0.0,0.0,0.0,0,0,
Davis Lease,2018-12-13,27.9,0.0,266.0,0,0,
Dyer Unit #10,2018-12-13,0.0,30.0,18.37,0,0,
Flying G #1,2018-12-13,0.0,0.0,0.0,0,0,
Fridel #1,2018-12-13,6.81,28.0,0.0,0,0,
Haby #1,2018-12-13,0.0,0.0,0.0,0,0,
Heitz #1,2018-12-13,0.0,0.0,340.68,0,0,
Huber #1,2018-12-13,0.0,0.0,0.0,0,0,Rig on well
JM Moore 178,2018-12-13,5.01,155.0,0.0,0,0,
JM Moore 192,2018-12-13,15.03,0.0,140.0,0,0,
Joe #1,2018-12-13,0.0,0.0,1.51,0,0,
Kirby #1,2018-12-13,0.0,406.0,1.67,0,0,
Kresta #1,2018-12-13,0.0,0.0,0.0,0,0,
Lloyd #1,2018-12-13,4.54,3.0,53.44,0,0,
McLean #1,2018-12-13,13.62,0.0,11.69,0,0,
Montemayor #1,2018-12-13,4.62,0.0,0.0,0,0,
Paddy 19 State #1 & #5,2018-12-13,8.28,0.0,24.75,0,0,
Palm #1,2018-12-13,361.1,1637.0,0.0,0,0,Well was shut in. HP separator. BOL 12:00 noon
Pierce Ranch #4,2018-12-13,0.0,26.0,6.68,0,0,
Preston #1,2018-12-13,13.36,409.0,75.01,0,0,
Rhodes #1,2018-12-13,8.35,0.0,6.68,0,0,
Terrell #1,2018-12-13,0.0,85.0,8.35,0,0,Enterprise Sales- 78 MCF
Vermillion #1,2018-12-13,26.72,170.0,30.06,0,0,
Wayne #1,2018-12-13,0.0,55.0,15.08,0,0,Loaded up high line press
Wendel Unit #1,2018-12-13,9.28,0.0,363.0,0,0,
White Marlin #1,2018-12-13,0.0,0.0,0.0,0,0,
Wittig Sisters #1,2018-12-13,0.0,0.0,0.0,0,0,
Blair TXL 7 #1,2018-12-12,41.25,138.0,223.0,0,0,
Blair TXL 7 #2,2018-12-12,13.95,20.0,0.0,0,0,
Blair TXL 7 #3,2018-12-12,0.0,0.0,0.0,0,0,
CL Moore 6,2018-12-12,0.0,282.0,106.0,0,0,
CL Moore 8,2018-12-12,16.7,402.0,0.0,0,0,
Clayton 1,2018-12-12,0.0,0.0,0.0,0,0,
Davis Lease,2018-12-12,25.95,0.0,216.0,0,0,
Dyer Unit #10,2018-12-12,0.0,30.0,20.04,0,0,
Flying G #1,2018-12-12,0.0,0.0,0.0,0,0,
Fridel #1,2018-12-12,11.35,61.0,0.0,0,0,
Haby #1,2018-12-12,0.0,0.0,0.0,0,0,
Heitz #1,2018-12-12,0.0,0.0,0.0,0,0,
Huber #1,2018-12-12,0.0,0.0,0.0,0,0,Rig on well
JM Moore 178,2018-12-12,5.01,85.0,6.68,0,0,C.d.liquid lev 12 hrs started up
JM Moore 192,2018-12-12,16.7,0.0,132.0,0,0,"Ct,"
Joe #1,2018-12-12,8.35,0.0,0.0,0,0,
Kirby #1,2018-12-12,0.0,326.0,21.71,0,0,
Kresta #1,2018-12-12,0.0,0.0,0.0,0,0,
Lloyd #1,2018-12-12,22.7,2.0,43.42,0,0,
McLean #1,2018-12-12,26.18,0.0,1.67,0,0,
Montemayor #1,2018-12-12,3.34,0.0,0.0,0,0,
Paddy 19 State #1 & #5,2018-12-12,5.52,0.0,60.5,0,0,"Trash in pump well 19-5.   
Well 19-1 off resting."
Palm #1,2018-12-12,444.03,1644.0,0.0,0,0,
Pierce Ranch #4,2018-12-12,0.0,27.0,8.35,0,0,
Preston #1,2018-12-12,13.36,366.0,89.76,0,0,Compressor was down
Rhodes #1,2018-12-12,15.03,0.0,5.01,0,0,
Terrell #1,2018-12-12,0.0,89.0,10.02,0,0,Enterprise Sales- 79 MCF
Vermillion #1,2018-12-12,20.04,193.0,38.15,0,0,
Wayne #1,2018-12-12,0.0,18330.16,0.0,0,0,Loaded up high line press
Wendel Unit #1,2018-12-12,9.28,0.0,360.0,0,0,
White Marlin #1,2018-12-12,0.0,0.0,0.0,0,0,
Wittig Sisters #1,2018-12-12,0.0,0.0,0.0,0,0,
Blair TXL 7 #1,2018-12-11,44.0,157.0,219.0,0,0,
Blair TXL 7 #2,2018-12-11,11.16,29.0,0.0,0,0,
Blair TXL 7 #3,2018-12-11,0.0,0.0,0.0,0,0,
CL Moore 6,2018-12-11,7.98,418.0,225.0,0,0,
CL Moore 8,2018-12-11,11.69,379.0,0.0,0,0,
Clayton 1,2018-12-11,0.0,0.0,0.0,0,0,
Davis Lease,2018-12-11,37.11,0.0,313.0,0,0,FL= 1632' FS
Dyer Unit #10,2018-12-11,0.0,0.0,34.81,0,0,
Flying G #1,2018-12-11,0.0,0.0,0.0,0,0,
Fridel #1,2018-12-11,18.16,192.0,3.34,0,0,CT
Haby #1,2018-12-11,0.0,0.0,0.0,0,0,
Heitz #1,2018-12-11,0.0,0.0,0.0,0,0,
Huber #1,2018-12-11,0.0,0.0,0.0,0,0,
JM Moore 178,2018-12-11,8.35,0.0,5.01,0,0,Started comp this am
JM Moore 192,2018-12-11,16.7,0.0,141.0,0,0,
Joe #1,2018-12-11,0.0,0.0,18.37,0,0,
Kirby #1,2018-12-11,0.0,336.0,20.04,0,0,
Kresta #1,2018-12-11,0.0,0.0,0.0,0,0,
Lloyd #1,2018-12-11,2.27,10.0,51.47,0,0,CT
McLean #1,2018-12-11,34.05,0.0,1.67,0,0,
Montemayor #1,2018-12-11,18.37,0.0,0.0,0,0,
Paddy 19 State #1 & #5,2018-12-11,8.28,0.0,35.25,0,0,Paddy 19-1 off resting
Palm #1,2018-12-11,200.4,1645.0,0.0,0,0,Pulled bottoms off the oil tanks 40bbls.
Pierce Ranch #4,2018-12-11,0.0,27.0,8.35,0,0,
Preston #1,2018-12-11,13.36,191.0,58.45,0,0,Compressor was down on 3rd stage scrubber level bol at 9:00am.
Rhodes #1,2018-12-11,13.68,0.0,11.69,0,0,
Terrell #1,2018-12-11,0.0,88.0,8.35,0,0,Enterprise Sales- 77 MCF
Vermillion #1,2018-12-11,6.62,206.0,30.06,0,0,
Wayne #1,2018-12-11,0.0,0.0,0.0,0,0,High line press unloaded well to tank turned well on. Line press 860#
Wendel Unit #1,2018-12-11,8.12,0.0,362.0,0,0,
White Marlin #1,2018-12-11,0.0,0.0,0.0,0,0,
Wittig Sisters #1,2018-12-11,0.0,0.0,0.0,0,0,
Blair TXL 7 #1,2018-12-10,46.75,182.0,82.5,0,0,
Blair TXL 7 #2,2018-12-10,6.98,40.0,0.0,0,0,
Blair TXL 7 #3,2018-12-10,0.0,0.0,0.0,0,0,
CL Moore 6,2018-12-10,11.69,359.0,225.0,0,0,
CL Moore 8,2018-12-10,10.02,322.0,0.0,0,0,C.d eng oil press
Clayton 1,2018-12-10,0.0,0.0,0.0,0,0,
Davis Lease,2018-12-10,23.99,0.0,247.0,0,0,Oil cut = 9%
Dyer Unit #10,2018-12-10,0.0,30.0,40.08,0,0,
Flying G #1,2018-12-10,0.0,0.0,0.0,0,0,
Fridel #1,2018-12-10,2.27,32.0,0.99,0,0,
Haby #1,2018-12-10,0.0,0.0,0.0,0,0,
Huber #1,2018-12-10,0.0,0.0,0.0,0,0,
JM Moore 178,2018-12-10,0.0,0.0,0.0,0,0,Rig on well
JM Moore 192,2018-12-10,16.7,0.0,130.0,0,0,
Joe #1,2018-12-10,0.0,0.0,38.41,0,0,
Kirby #1,2018-12-10,3.34,265.0,15.03,0,0,Compressor was down bol at 11:30am.
Kresta #1,2018-12-10,0.0,0.0,0.0,0,0,
Lloyd #1,2018-12-10,2.27,3.0,60.12,0,0,
McLean #1,2018-12-10,31.78,0.0,1.67,0,0,
Montemayor #1,2018-12-10,5.01,0.0,0.0,0,0,
Paddy 19 State #1 & #5,2018-12-10,8.28,0.0,135.25,0,0,Paddy 19-1 off for 48 hours SWD overloading.
Palm #1,2018-12-10,354.77,1651.0,0.0,0,0,
Pierce Ranch #4,2018-12-10,0.0,27.0,8.35,0,0,
Preston #1,2018-12-10,13.36,237.0,66.8,0,0,
Rhodes #1,2018-12-10,15.03,0.0,3.34,0,0,
Terrell #1,2018-12-10,0.0,86.0,6.68,0,0,Enterprise Sales- 78 MCF
Vermillion #1,2018-12-10,53.44,214.0,18.37,0,0,
Wayne #1,2018-12-10,0.0,0.0,0.0,0,0,High line press
Wendel Unit #1,2018-12-10,8.12,0.0,363.0,0,0,
White Marlin #1,2018-12-10,0.0,0.0,0.0,0,0,
Wittig Sisters #1,2018-12-10,0.0,0.0,0.0,0,0,
Blair TXL 7 #1,2018-12-09,22.0,54.0,104.0,0,0,
Blair TXL 7 #2,2018-12-09,2.79,5.0,0.0,0,0,
Blair TXL 7 #3,2018-12-09,0.0,0.0,0.0,0,0,
CL Moore 6,2018-12-09,5.01,260.0,171.0,0,0,
CL Moore 8,2018-12-09,10.02,422.0,0.0,0,0,
Clayton 1,2018-12-09,0.0,0.0,0.0,0,0,
Cornette #1,2018-12-09,0.0,0.0,0.0,0,0,
Davis Lease,2018-12-09,29.85,0.0,250.0,0,0,
Dyer Unit #10,2018-12-09,0.0,30.0,20.04,0,0,
Flying G #1,2018-12-09,0.0,0.0,0.0,0,0,
Fridel #1,2018-12-09,2.27,29.0,13.36,0,0,
Haby #1,2018-12-09,0.0,0.0,0.0,0,0,
Heitz #1,2018-12-09,0.0,0.0,0.0,0,0,
Huber #1,2018-12-09,0.0,0.0,0.0,0,0,Not pumping
JM Moore 178,2018-12-09,6.68,0.0,0.0,0,0,Rig on well
JM Moore 192,2018-12-09,15.03,0.0,140.0,0,0,
Joe #1,2018-12-09,0.0,0.0,0.0,0,0,
Kirby #1,2018-12-09,0.0,293.0,11.69,0,0,Compressor was down on scrubber level bol 11:00am.
Kresta #1,2018-12-09,0.0,0.0,0.0,0,0,
Lloyd #1,2018-12-09,18.16,2.0,43.42,0,0,
McLean #1,2018-12-09,36.32,0.0,1.67,0,0,
Montemayor #1,2018-12-09,0.0,0.0,3.34,0,0,
Paddy 19 State #1 & #5,2018-12-09,8.28,0.0,133.5,0,0,
Palm #1,2018-12-09,350.96,1650.0,0.0,0,0,
Pierce Ranch #4,2018-12-09,0.0,28.0,8.35,0,0,
Preston #1,2018-12-09,13.36,213.0,71.55,0,0,Compressor was down on scrubber level bol 9:15am.
Rhodes #1,2018-12-09,18.37,0.0,10.02,0,0,10 flare rate
Terrell #1,2018-12-09,0.0,89.0,5.01,0,0,Enterprise Sales- 79 MCF
Vermillion #1,2018-12-09,36.74,214.0,26.72,0,0,
Wayne #1,2018-12-09,0.0,253.0,60.32,0,0,
Wendel Unit #1,2018-12-09,9.28,0.0,362.0,0,0,
White Marlin #1,2018-12-09,0.0,0.0,0.0,0,0,
Wittig Sisters #1,2018-12-09,0.0,0.0,0.0,0,0,
Blair TXL 7 #1,2018-12-08,49.5,138.0,239.0,0,0,
Blair TXL 7 #2,2018-12-08,13.95,20.0,0.0,0,0,
Blair TXL 7 #3,2018-12-08,0.0,0.0,0.0,0,0,Off for pumping schedule
CL Moore 6,2018-12-08,14.95,0.0,375.0,0,0,
CL Moore 8,2018-12-08,11.69,440.0,0.0,0,0,
Clayton 1,2018-12-08,0.0,0.0,0.0,0,0,
Cornette #1,2018-12-08,0.0,0.0,0.0,0,0,
Davis Lease,2018-12-08,20.09,0.0,240.0,0,0,
Dyer Unit #10,2018-12-08,0.0,25.0,20.04,0,0,
Flying G #1,2018-12-08,0.0,0.0,0.0,0,0,
Fridel #1,2018-12-08,20.43,12.0,0.0,0,0,
Haby #1,2018-12-08,0.0,0.0,0.0,0,0,
Heitz #1,2018-12-08,0.0,0.0,0.0,0,0,
Huber #1,2018-12-08,0.0,0.0,0.0,0,0,
JM Moore 178,2018-12-08,0.0,0.0,0.0,0,0,Rig on. Well
JM Moore 192,2018-12-08,15.03,0.0,135.0,0,0,Ct
Joe #1,2018-12-08,3.34,0.0,11.69,0,0,
Kirby #1,2018-12-08,1.8,365.0,25.05,0,0,
Kresta #1,2018-12-08,0.0,0.0,0.0,0,0,
Lloyd #1,2018-12-08,11.35,92.0,69.84,0,0,
McLean #1,2018-12-08,34.05,0.0,1.67,0,0,
Montemayor #1,2018-12-08,3.34,0.0,0.0,0,0,
Paddy 19 State #1 & #5,2018-12-08,8.28,0.0,101.75,0,0,Power outage. Restored 8:00 A.M.
Palm #1,2018-12-08,440.44,1661.0,0.0,0,0,
Pierce Ranch #4,2018-12-08,0.0,23.0,10.02,0,0,
Preston #1,2018-12-08,13.36,437.0,76.62,0,0,
Rhodes #1,2018-12-08,16.7,0.0,6.68,0,0,11 flare rate
Terrell #1,2018-12-08,0.0,86.0,6.68,0,0,Enterprise Sales- 78 MCF
Vermillion #1,2018-12-08,30.06,221.0,21.71,0,0,
Wayne #1,2018-12-08,0.0,266.0,55.68,0,0,
Wendel Unit #1,2018-12-08,9.28,0.0,360.0,0,0,
White Marlin #1,2018-12-08,0.0,0.0,0.0,0,0,
Wittig Sisters #1,2018-12-08,0.0,0.0,0.0,0,0,
Blair TXL 7 #1,2018-12-07,46.75,136.0,231.0,0,0,
Blair TXL 7 #2,2018-12-07,11.16,20.0,0.0,0,0,
Blair TXL 7 #3,2018-12-07,3.0,0.0,0.0,0,0,
CL Moore 6,2018-12-07,3.34,0.0,174.0,0,0,
CL Moore 8,2018-12-07,11.69,438.0,0.0,0,0,
Clayton 1,2018-12-07,0.0,0.0,0.0,0,0,
Cornette #1,2018-12-07,0.0,0.0,0.0,0,0,
Davis Lease,2018-12-07,20.93,0.0,198.0,0,0,FL= 1600' FS
Dyer Unit #10,2018-12-07,0.0,20.0,6.68,0,0,
Flying G #1,2018-12-07,0.0,0.0,0.0,0,0,
Fridel #1,2018-12-07,6.81,20.0,3.34,0,0,H.O.
Haby #1,2018-12-07,0.0,0.0,0.0,0,0,
Heitz #1,2018-12-07,0.0,0.0,0.0,0,0,
Huber #1,2018-12-07,0.0,0.0,0.0,0,0,Not pumping
JM Moore 178,2018-12-07,0.0,10.0,0.0,0,0,Rig on well
JM Moore 192,2018-12-07,16.7,0.0,131.0,0,0,
Joe #1,2018-12-07,1.67,0.0,0.0,0,0,
Kirby #1,2018-12-07,13.36,51.0,21.59,0,0,Compressor was down on low compressor oil level bol at 10:00am.
Kresta #1,2018-12-07,0.0,0.0,0.0,0,0,
Lloyd #1,2018-12-07,24.97,4.0,31.73,0,0,
McLean #1,2018-12-07,27.24,0.0,1.67,0,0,
Montemayor #1,2018-12-07,0.0,0.0,0.0,0,0,
Paddy 19 State #1 & #5,2018-12-07,8.28,0.0,127.5,0,0,
Palm #1,2018-12-07,484.69,1664.0,0.0,0,0,
Pierce Ranch #4,2018-12-07,0.0,26.0,8.35,0,0,
Preston #1,2018-12-07,16.7,332.0,30.06,0,0,
Rhodes #1,2018-12-07,13.36,0.0,5.01,0,0,Flare rate 12
Terrell #1,2018-12-07,0.0,87.0,0.0,0,0,Enterprise Sales- 77 MCF
Vermillion #1,2018-12-07,61.86,218.0,34.87,0,0,
Wayne #1,2018-12-07,0.0,244.0,52.2,0,0,
Wendel Unit #1,2018-12-07,8.12,0.0,362.0,0,0,
White Marlin #1,2018-12-07,0.0,0.0,0.0,0,0,
Wittig Sisters #1,2018-12-07,0.0,0.0,0.0,0,0,
Blair TXL 7 #1,2018-12-06,49.5,137.0,237.0,0,0,
Blair TXL 7 #2,2018-12-06,13.95,19.0,0.0,0,0,
Blair TXL 7 #3,2018-12-06,3.0,0.0,0.0,0,0,
CL Moore 6,2018-12-06,0.0,0.0,0.0,0,0,Rig on well
CL Moore 8,2018-12-06,10.02,442.0,0.0,0,0,
Clayton 1,2018-12-06,0.0,0.0,0.0,0,0,
Davis Lease,2018-12-06,37.11,0.0,189.0,0,0,
Dyer Unit #10,2018-12-06,0.0,20.0,6.68,0,0,
Flying G #1,2018-12-06,0.0,0.0,0.0,0,0,
Fridel #1,2018-12-06,6.81,28.0,1.67,0,0,
Haby #1,2018-12-06,0.0,0.0,0.0,0,0,
Heitz #1,2018-12-06,0.0,0.0,0.0,0,0,
Huber #1,2018-12-06,0.0,0.0,0.0,0,0,Well is BOL
JM Moore 178,2018-12-06,6.68,137.0,0.0,0,0,
JM Moore 192,2018-12-06,16.7,0.0,151.0,0,0,
Joe #1,2018-12-06,0.0,0.0,0.0,0,0,
Kirby #1,2018-12-06,13.36,271.0,16.7,0,0,
Kresta #1,2018-12-06,0.0,0.0,0.0,0,0,
Lloyd #1,2018-12-06,0.0,2.0,25.05,0,0,MUHO
McLean #1,2018-12-06,27.24,0.0,1.67,0,0,
Montemayor #1,2018-12-06,8.35,0.0,1.67,0,0,
Paddy 19 State #1 & #5,2018-12-06,8.28,0.0,124.25,0,0,
Palm #1,2018-12-06,380.05,1670.0,0.0,0,0,
Pierce Ranch #4,2018-12-06,0.0,28.0,8.35,0,0,
Preston #1,2018-12-06,13.7,3.0,189.96,0,0,
Rhodes #1,2018-12-06,13.36,0.0,3.34,0,0,
Terrell #1,2018-12-06,0.0,85.0,0.0,0,0,Enterprise Sales-  78 MCF
Vermillion #1,2018-12-06,10.02,223.0,20.04,0,0,
Wayne #1,2018-12-06,0.0,262.0,60.13,0,0,
Wendel Unit #1,2018-12-06,9.28,0.0,361.0,0,0,
White Marlin #1,2018-12-06,0.0,0.0,0.0,0,0,
Wittig Sisters #1,2018-12-06,0.0,0.0,0.0,0,0,
Betty #1,2018-12-05,0.0,0.0,0.0,0,0,
Blair TXL 7 #1,2018-12-05,44.0,131.0,224.0,0,0,
Blair TXL 7 #2,2018-12-05,13.95,20.0,0.0,0,0,
Blair TXL 7 #3,2018-12-05,3.0,0.0,0.0,0,0,
CL Moore 6,2018-12-05,0.0,0.0,15.03,0,0,Rig on well
CL Moore 8,2018-12-05,10.02,449.0,0.0,0,0,
Clayton 1,2018-12-05,0.0,0.0,0.0,0,0,
Davis Lease,2018-12-05,27.06,0.0,270.0,0,0,Oil cut = 9%
Dyer Unit #10,2018-12-05,0.0,20.0,3.34,0,0,
Flying G #1,2018-12-05,0.0,0.0,0.0,0,0,
Fridel #1,2018-12-05,9.08,26.0,1.67,0,0,
Haby #1,2018-12-05,0.0,0.0,0.0,0,0,
Heitz #1,2018-12-05,0.0,0.0,0.0,0,0,
Huber #1,2018-12-05,0.0,0.0,0.0,0,0,
JM Moore 178,2018-12-05,0.0,135.0,0.0,0,0,
JM Moore 192,2018-12-05,16.7,0.0,197.0,0,0,
Joe #1,2018-12-05,6.68,0.0,19.8,0,0,
Kirby #1,2018-12-05,13.36,304.0,18.37,0,0,
Kresta #1,2018-12-05,0.0,0.0,0.0,0,0,
Lloyd #1,2018-12-05,4.54,121.0,43.42,0,0,H.O.
McLean #1,2018-12-05,35.88,0.0,1.67,0,0,
Montemayor #1,2018-12-05,11.69,0.0,0.0,0,0,
Paddy 19 State #1 & #5,2018-12-05,8.28,0.0,37.25,0,0,Started Paddy 19-1.
Palm #1,2018-12-05,370.96,1671.0,0.0,0,0,
Pierce Ranch #4,2018-12-05,0.0,27.0,3.08,0,0,
Preston #1,2018-12-05,13.36,303.0,65.13,0,0,
Rhodes #1,2018-12-05,16.7,0.0,8.15,0,0,
Terrell #1,2018-12-05,0.0,85.0,0.0,0,0,Enterprise Sales- 79 MCF
Vermillion #1,2018-12-05,30.06,208.0,38.15,0,0,
Wayne #1,2018-12-05,0.0,315.0,58.0,0,0,
Wendel Unit #1,2018-12-05,9.28,0.0,363.0,0,0,
White Marlin #1,2018-12-05,0.0,0.0,0.0,0,0,
Wittig Sisters #1,2018-12-05,0.0,0.0,0.0,0,0,
Betty #1,2018-12-04,0.0,0.0,0.0,0,0,
Blair TXL 7 #1,2018-12-04,46.75,128.0,229.0,0,0,
Blair TXL 7 #2,2018-12-04,13.95,19.0,0.0,0,0,
Blair TXL 7 #3,2018-12-04,6.0,0.0,0.0,0,0,
CL Moore 6,2018-12-04,3.48,545.0,131.0,0,0,Meter not reading bad battery
CL Moore 8,2018-12-04,6.68,456.0,0.0,0,0,
Clayton 1,2018-12-04,0.0,0.0,0.0,0,0,
Davis Lease,2018-12-04,29.02,0.0,282.0,0,0,Oil cut = 12%
Dyer Unit #10,2018-12-04,0.0,20.0,23.12,0,0,
Flying G #1,2018-12-04,0.0,0.0,0.0,0,0,
Fridel #1,2018-12-04,11.35,25.0,0.0,0,0,
Haby #1,2018-12-04,0.0,0.0,0.0,0,0,
Huber #1,2018-12-04,0.0,0.0,0.0,0,0,
JM Moore 178,2018-12-04,0.0,135.0,2.32,0,0,
JM Moore 192,2018-12-04,15.03,0.0,116.0,0,0,
Joe #1,2018-12-04,5.01,0.0,35.07,0,0,
Kirby #1,2018-12-04,13.36,228.0,15.03,0,0,
Kresta #1,2018-12-04,0.0,0.0,0.0,0,0,
Lloyd #1,2018-12-04,4.54,5.0,58.15,0,0,CT
McLean #1,2018-12-04,24.97,0.0,1.67,0,0,
Montemayor #1,2018-12-04,3.34,0.0,0.0,0,0,
Paddy 19 State #1 & #5,2018-12-04,5.52,0.0,102.5,0,0,"Turned Paddy 19-1 off for 24 Hours,SWD Overloading."
Palm #1,2018-12-04,334.02,1710.0,0.0,0,0,
Pierce Ranch #4,2018-12-04,0.0,25.0,6.68,0,0,
Preston #1,2018-12-04,13.36,442.0,58.19,0,0,
Rhodes #1,2018-12-04,25.05,0.0,1.67,0,0,
Terrell #1,2018-12-04,0.0,89.0,1.67,0,0,Enterprise Sales- 78 MCF
Vermillion #1,2018-12-04,26.72,142.0,36.74,0,0,
Wayne #1,2018-12-04,0.0,212.0,69.6,0,0,
Wendel Unit #1,2018-12-04,9.28,0.0,362.0,0,0,
White Marlin #1,2018-12-04,0.0,0.0,0.0,0,0,
Wittig Sisters #1,2018-12-04,0.0,0.0,0.0,0,0,
Betty #1,2018-12-03,0.0,0.0,0.0,0,0,
Blair TXL 7 #1,2018-12-03,46.75,123.0,225.0,0,0,
Blair TXL 7 #2,2018-12-03,13.95,19.0,0.0,0,0,
Blair TXL 7 #3,2018-12-03,5.0,0.0,0.0,0,0,
CL Moore 6,2018-12-03,1.16,540.0,139.0,0,0,
CL Moore 8,2018-12-03,10.02,448.0,0.0,0,0,
Clayton 1,2018-12-03,0.0,0.0,0.0,0,0,
Davis Lease,2018-12-03,0.0,0.0,279.0,0,0,
Dyer Unit #10,2018-12-03,0.0,20.0,6.68,0,0,
Flying G #1,2018-12-03,0.0,0.0,0.0,0,0,
Fridel #1,2018-12-03,2.27,24.0,0.0,0,0,
Haby #1,2018-12-03,0.0,0.0,0.0,0,0,
Heitz #1,2018-12-03,0.0,0.0,0.0,0,0,
Huber #1,2018-12-03,0.0,0.0,0.0,0,0,
JM Moore 178,2018-12-03,0.0,138.0,13.92,0,0,
JM Moore 192,2018-12-03,15.03,0.0,133.0,0,0,
Joe #1,2018-12-03,23.38,0.0,20.04,0,0,
Kirby #1,2018-12-03,21.71,260.0,18.13,0,0,
Kresta #1,2018-12-03,0.0,0.0,0.0,0,0,
Lloyd #1,2018-12-03,9.08,25.0,56.78,0,0,
McLean #1,2018-12-03,22.7,0.0,1.67,0,0,
Montemayor #1,2018-12-03,3.34,0.0,0.0,0,0,
Paddy 19 State #1 & #5,2018-12-03,2.76,0.0,82.5,0,0,
Palm #1,2018-12-03,303.66,1705.0,16.7,0,0,
Pierce Ranch #4,2018-12-03,0.0,25.0,8.35,0,0,
Preston #1,2018-12-03,15.03,426.0,73.48,0,0,
Rhodes #1,2018-12-03,15.03,0.0,0.0,0,0,
Terrell #1,2018-12-03,0.0,80.0,11.69,0,0,Enterprise Sales- 72 MCF
Vermillion #1,2018-12-03,20.04,169.0,38.41,0,0,Compressor was down on high discharge psi bol at 9:30am.
Wayne #1,2018-12-03,0.0,0.0,0.0,0,0,Loaded up high line press
Wendel Unit #1,2018-12-03,8.12,0.0,360.0,0,0,
White Marlin #1,2018-12-03,0.0,0.0,0.0,0,0,
Wittig Sisters #1,2018-12-03,0.0,0.0,0.0,0,0,
Betty #1,2018-12-02,0.0,0.0,0.0,0,0,
Blair TXL 7 #1,2018-12-02,46.75,134.0,218.0,0,0,
Blair TXL 7 #2,2018-12-02,11.16,20.0,0.0,0,0,
Blair TXL 7 #3,2018-12-02,7.0,0.0,0.0,0,0,
CL Moore 6,2018-12-02,5.01,543.0,140.0,0,0,
CL Moore 8,2018-12-02,6.68,420.0,0.0,0,0,
Clayton 1,2018-12-02,0.0,0.0,0.0,0,0,
Davis Lease,2018-12-02,0.0,0.0,311.0,0,0,FL=1376' FS
Dyer Unit #10,2018-12-02,0.0,20.0,0.0,0,0,Sw
Flying G #1,2018-12-02,0.0,0.0,0.0,0,0,
Fridel #1,2018-12-02,9.08,24.0,0.0,0,0,
Haby #1,2018-12-02,0.0,0.0,0.0,0,0,
Heitz #1,2018-12-02,0.0,0.0,0.0,0,0,
Huber #1,2018-12-02,0.0,0.0,0.0,0,0,
JM Moore 178,2018-12-02,8.35,140.0,0.0,0,0,
JM Moore 192,2018-12-02,11.69,0.0,145.0,0,0,
Joe #1,2018-12-02,8.35,0.0,0.0,0,0,
Kirby #1,2018-12-02,6.68,212.0,16.7,0,0,
Kresta #1,2018-12-02,0.0,0.0,0.0,0,0,
Lloyd #1,2018-12-02,9.08,60.0,54.81,0,0,
McLean #1,2018-12-02,15.89,0.0,1.67,0,0,
Montemayor #1,2018-12-02,0.0,0.0,0.0,0,0,
Paddy 19 State #1 & #5,2018-12-02,11.04,0.0,100.25,0,0,
Palm #1,2018-12-02,176.81,1710.0,0.0,0,0,
Pierce Ranch #4,2018-12-02,0.0,26.0,10.02,0,0,
Preston #1,2018-12-02,13.36,385.0,48.03,0,0,Compressor was down on scrubber level bol 9:40am.
Rhodes #1,2018-12-02,13.36,0.0,0.0,0,0,
Terrell #1,2018-12-02,0.0,80.0,8.35,0,0,ENTERPRISE SALES- 74 mCF
Vermillion #1,2018-12-02,23.38,250.0,31.73,0,0,
Wayne #1,2018-12-02,0.0,0.0,0.0,0,0,Loaded up high line press
Wendel Unit #1,2018-12-02,9.28,0.0,363.0,0,0,
White Marlin #1,2018-12-02,0.0,0.0,0.0,0,0,
Wittig Sisters #1,2018-12-02,0.0,0.0,0.0,0,0,
Betty #1,2018-12-01,0.0,0.0,0.0,0,0,
Blair TXL 7 #1,2018-12-01,57.75,135.0,348.0,0,0,
Blair TXL 7 #2,2018-12-01,13.95,20.0,0.0,0,0,
Blair TXL 7 #3,2018-12-01,14.0,0.0,0.0,0,0,
CL Moore 6,2018-12-01,1.81,569.0,140.0,0,0,
CL Moore 8,2018-12-01,13.36,400.0,0.0,0,0,Cd 3hrs for repairs
Clayton 1,2018-12-01,0.0,0.0,0.0,0,0,
Davis Lease,2018-12-01,0.0,0.0,281.0,0,0,"Oil cut = 2-3%, 13 BO in frac tank"
Dyer Unit #10,2018-12-01,0.0,25.0,8.35,0,0,
Flying G #1,2018-12-01,0.0,0.0,0.0,0,0,
Fridel #1,2018-12-01,9.08,23.0,0.0,0,0,
Haby #1,2018-12-01,0.0,0.0,0.0,0,0,
Heitz #1,2018-12-01,0.0,0.0,0.0,0,0,
Huber #1,2018-12-01,0.0,0.0,0.0,0,0,
JM Moore 178,2018-12-01,5.01,136.0,0.0,0,0,
JM Moore 192,2018-12-01,16.7,0.0,146.0,0,0,
Joe #1,2018-12-01,11.69,0.0,1.67,0,0,Bol at 9:30am
Kirby #1,2018-12-01,8.35,21.0,18.37,0,0,
Kresta #1,2018-12-01,0.0,0.0,0.0,0,0,
Lloyd #1,2018-12-01,4.54,3.0,55.11,0,0,
McLean #1,2018-12-01,15.89,0.0,5.01,0,0,
Montemayor #1,2018-12-01,0.0,0.0,0.0,0,0,
Paddy 19 State #1 & #5,2018-12-01,8.28,0.0,118.75,0,0,
Palm #1,2018-12-01,352.76,1720.0,0.0,0,0,
Pierce Ranch #4,2018-12-01,0.0,26.0,8.35,0,0,
Preston #1,2018-12-01,15.03,446.0,71.81,0,0,
Rhodes #1,2018-12-01,10.02,0.0,6.68,0,0,
Terrell #1,2018-12-01,0.0,82.0,10.02,0,0,Enterprise Sales- 75 MCF
Vermillion #1,2018-12-01,26.72,242.0,46.5,0,0,
Wayne #1,2018-12-01,0.0,214.0,40.06,0,0,Loaded up high line press
Wendel Unit #1,2018-12-01,8.12,0.0,361.0,0,0,
White Marlin #1,2018-12-01,0.0,0.0,0.0,0,0,
Wittig Sisters #1,2018-12-01,0.0,0.0,0.0,0,0,
